50 50
2500
24 10
24 11
25 11
26 11
25 12
26 12
27 12
25 13
26 13
27 13
25 14
26 14
27 14
20 16
21 16
23 16
24 16
19 17
24 17
19 18
19 19
24 19
7 20
8 20
9 20
24 20
6 21
7 21
8 21
9 21
20 21
21 21
22 21
6 22
7 22
8 22
9 22
23 22
24 22
5 23
6 23
11 23
12 23
14 23
15 23
17 23
21 23
23 23
11 24
17 24
18 24
22 24
28 24
29 24
30 24
16 25
19 25
26 25
31 25
11 26
16 26
18 26
24 26
26 26
31 26
11 27
16 27
23 27
26 27
12 28
13 28
14 28
20 28
24 28
25 28
31 28
19 29
21 29
25 29
27 29
28 29
30 29
31 29
36 29
37 29
18 30
19 30
33 30
34 30
35 30
36 30
20 31
21 31
22 31
33 31
34 31
35 31
36 31
18 32
33 32
34 32
35 32
18 33
23 33
23 34
18 35
23 35
18 36
19 36
21 36
22 36
15 38
16 38
17 38
15 39
16 39
17 39
15 40
16 40
17 40
16 41
17 41
18 41
18 42
