55 50
500
7 0
8 0
9 0
8 1
10 1
11 1
12 1
7 2
8 2
11 2
14 2
7 3
8 3
9 3
10 3
11 3
15 3
8 4
13 4
14 4
15 4
46 4
47 4
48 4
13 5
43 5
44 5
45 5
47 5
8 6
41 6
44 6
47 6
48 6
7 7
9 7
40 7
44 7
45 7
46 7
47 7
48 7
8 8
40 8
41 8
42 8
47 8
14 9
15 9
42 9
14 10
15 10
47 10
46 11
48 11
2 12
3 12
47 12
2 13
3 13
40 13
41 13
40 14
41 14
52 16
53 16
9 17
10 17
11 17
52 17
53 17
8 18
12 18
7 19
13 19
7 20
13 20
7 21
13 21
44 21
45 21
46 21
8 22
12 22
43 22
47 22
9 23
10 23
11 23
42 23
48 23
42 24
48 24
3 25
4 25
12 25
13 25
42 25
48 25
4 26
12 26
43 26
47 26
1 27
2 27
3 27
13 27
14 27
15 27
44 27
45 27
46 27
1 28
15 28
25 28
23 29
25 29
42 29
43 29
51 29
52 29
24 30
25 30
43 30
51 30
40 31
41 31
42 31
52 31
53 31
54 31
30 32
40 32
54 32
30 33
32 33
30 34
31 34
19 38
20 38
16 39
15 40
17 40
20 40
21 40
13 41
15 41
17 41
18 41
19 41
22 41
13 42
16 42
17 42
18 42
19 42
20 42
21 42
16 43
17 43
19 43
20 43
27 43
28 43
15 44
16 44
17 44
18 44
19 44
20 44
23 44
26 44
28 44
14 45
17 45
18 45
19 45
21 45
23 45
27 45
15 46
16 46
19 46
21 46
20 47
16 48
17 48
